cam0:
  cam_overlaps: [1, 2, 3]
  camera_model: pinhole
  distortion_coeffs: [-0.06266201662118062, 0.42049655104414374, -0.011569491444272956,
    -0.002058139877353879]
  distortion_model: radtan
  intrinsics: [1144.841071156924, 1147.3170946403868, 321.9294272789591, 165.24926839581278]
  resolution: [640, 460]
  rostopic: Polar
cam1:
  T_cn_cnm1:
  - [0.9998407112437586, -0.011105035109532714, 0.01397248491813871, -0.04573187167001761]
  - [0.013287124522011336, 0.9858181165568742, -0.16729044620118128, 0.1099181009653322]
  - [-0.011916562487065343, 0.16744945286106433, 0.985808640799531, -0.05943449484368589]
  - [0.0, 0.0, 0.0, 1.0]
  cam_overlaps: [0, 2, 3]
  camera_model: pinhole
  distortion_coeffs: [0.10916722191357739, -0.12149830315801081, -0.009666877631380032,
    0.004126974478964894]
  distortion_model: radtan
  intrinsics: [533.7370635979429, 534.4286075842739, 486.3393110591146, 251.75124952046906]
  resolution: [960, 540]
  rostopic: Kinect
cam2:
  T_cn_cnm1:
  - [0.9989325290601216, 0.012432892598068686, -0.04448848803002197, 0.13645018161204092]
  - [-0.0037325152426507134, 0.9816737465475247, 0.1905327364767348, -0.0978398160539372]
  - [0.04604205377169767, -0.19016329435775553, 0.9806722443117747, 0.08449778569049653]
  - [0.0, 0.0, 0.0, 1.0]
  cam_overlaps: [0, 1, 3]
  camera_model: pinhole
  distortion_coeffs: [-0.18343074691845673, 0.2543464719290466, -0.007331326243357621,
    0.0007583510017476594]
  distortion_model: radtan
  intrinsics: [1239.3251374485167, 1242.4590777209896, 327.0358191974078, 179.40393683791095]
  resolution: [640, 480]
  rostopic: NIR
cam3:
  T_cn_cnm1:
  - [0.999957043054142, -0.0005167741583297365, 0.009254457892516853, 0.05267882321256397]
  - [0.0006858006031543167, 0.9998328456919732, -0.018270477635298727, -0.004323350755396059]
  - [-0.009243469259309411, 0.01827603950418472, 0.9997902503305841, 0.01241419489537528]
  - [0.0, 0.0, 0.0, 1.0]
  cam_overlaps: [0, 1, 2]
  camera_model: pinhole
  distortion_coeffs: [-0.05251850491258568, 0.3482257823647392, -0.011376286950846602,
    0.002181619697289839]
  distortion_model: radtan
  intrinsics: [1604.3339602773005, 1607.9131650393415, 652.6971885482143, 415.75858678562247]
  resolution: [1280, 1024]
  rostopic: IDS
